DIRECT, 1, TOTAL, 24.7744, 256.678, 61.8165, 119.49, 54.2212, 106.021, 105.934, 106.526, 78.1291, 155.031, 155.038, 155.296, 40.9673, 41.3169, 41.1456, 40.9613
DIRECT, 1, CONV, 12.8447, 218.524, 53.415, 106.304, 49.3558, 98.3691, 98.41, 98.3629, 74.4653, 148.676, 148.695, 148.704, 37.6181, 37.6251, 37.6159, 37.6062
DIRECT, 1, OVERHEAD, 0.547616, 11.5395, 1.27098, 2.52486, 0.582912, 1.12989, 1.12893, 1.13178, 0.302304, 0.59936, 0.601056, 0.604704, 0.169024, 0.17024, 0.170144, 0.167136
DIRECT, 2, TOTAL, 23.8958, 245.761, 113.472, 221.5, 106.902, 209.627, 209.596, 209.714, 113.238, 305.066, 305.209, 305.103, 78.7774, 78.873, 78.7536, 78.846
DIRECT, 2, CONV, 10.068, 198.595, 98.0487, 196.893, 97.9761, 195.858, 195.621, 195.817, 106.956, 295.53, 295.555, 295.554, 74.1744, 74.1809, 74.1895, 74.1659
DIRECT, 2, OVERHEAD, 0.428448, 8.89795, 2.32522, 4.62531, 1.15283, 2.26797, 2.26602, 2.26819, 0.618144, 1.20384, 1.20867, 1.20803, 0.344832, 0.339456, 0.339488, 0.340384
DIRECT, 4, TOTAL, 42.9148, 489.43, 226.431, 439.857, 215.08, 418.076, 418.385, 423.514, 226.369, 534.757, 534.318, 533.715, 123.173, 123.094, 123.212, 123.108
DIRECT, 4, CONV, 17.7114, 395.493, 196.801, 392.375, 196.617, 392.041, 392.418, 392.166, 216.036, 517.679, 517.385, 517.045, 116.626, 116.643, 116.714, 116.677
DIRECT, 4, OVERHEAD, 0.85248, 17.795, 4.64586, 9.25872, 2.31395, 4.52118, 4.52432, 4.52304, 1.2393, 2.4159, 2.42323, 2.39421, 0.682848, 0.679328, 0.676224, 0.676288
DIRECT, 8, TOTAL, 82.0867, 991.342, 459.201, 900.335, 431.143, 873.754, 873.468, 875.843, 448.661, 941.432, 942.222, 944.483, 228.746, 228.934, 228.902, 229.22
DIRECT, 8, CONV, 32.6694, 806.785, 400.155, 806.831, 398.993, 823.012, 822.875, 825.259, 430.202, 912.324, 912.974, 914.96, 217.63, 218.218, 218.241, 218.655
DIRECT, 8, OVERHEAD, 1.69347, 35.5042, 9.24995, 18.6071, 4.65104, 9.1735, 9.22864, 9.19299, 2.48272, 4.868, 4.98112, 4.9841, 1.43117, 1.37088, 1.38166, 1.3961
DIRECT, 1, TOTAL, 12.0632, 122.241, 57.5318, 113.933, 55.0234, 106.753, 107.191, 107.569, 78.9246, 155.475, 155.406, 155.205, 41.3687, 41.382, 41.3135, 41.3099
DIRECT, 1, CONV, 5.01776, 98.248, 49.2434, 101.09, 49.7963, 99.2402, 99.602, 99.8437, 74.7895, 149.069, 148.675, 148.661, 37.5236, 37.5156, 37.5187, 37.5317
DIRECT, 1, OVERHEAD, 0.217568, 4.43178, 1.17213, 2.3199, 0.584128, 1.13597, 1.15187, 1.15565, 0.31008, 0.604, 0.602016, 0.602144, 0.170816, 0.17408, 0.173824, 0.173536
DIRECT, 2, TOTAL, 23.2261, 252.197, 115.784, 225.659, 108.229, 213.389, 213.295, 213.371, 116.141, 305.667, 304.477, 304.665, 78.8306, 78.9403, 78.8949, 78.9075
DIRECT, 2, CONV, 10.0557, 201.563, 99.5666, 200.436, 99.0999, 199.52, 199.241, 199.259, 109.599, 296.11, 294.8, 294.835, 74.0476, 74.0474, 74.0485, 74.056
DIRECT, 2, OVERHEAD, 0.419968, 8.85395, 2.35178, 4.6847, 1.17005, 2.30426, 2.30125, 2.29795, 0.626848, 1.21533, 1.20298, 1.19814, 0.340832, 0.339456, 0.33616, 0.335392
DIRECT, 4, TOTAL, 44.2849, 496.977, 230.732, 448.68, 215.368, 428.698, 428.456, 428.2, 230.243, 542.974, 536.94, 537.562, 125.517, 125.889, 125.995, 125.831
DIRECT, 4, CONV, 17.652, 402.006, 199.929, 399.639, 198.84, 403.082, 402.481, 402.172, 219.763, 519.062, 519.979, 520.524, 117.905, 119.011, 119.155, 118.999
DIRECT, 4, OVERHEAD, 0.847776, 17.729, 4.66048, 9.36896, 2.34128, 4.59312, 4.59344, 4.59142, 1.24832, 2.47043, 2.43578, 2.43325, 0.6816, 0.690336, 0.6928, 0.69456
DIRECT, 8, TOTAL, 85.3024, 1010.71, 468.062, 914.345, 439.086, 895.84, 897.807, 897.342, 459.477, 960.341, 960.583, 960.814, 231.872, 234.553, 234.99, 233.643
DIRECT, 8, CONV, 32.8539, 825.819, 409.832, 821.168, 407.457, 845.835, 846.973, 846.179, 440.939, 931.014, 931.006, 930.75, 221.314, 224.04, 224.089, 223.143
DIRECT, 8, OVERHEAD, 1.71546, 35.5536, 9.30278, 18.6518, 4.69619, 9.20666, 9.20698, 9.34163, 2.49331, 4.90874, 5.02176, 4.99926, 1.40646, 1.38864, 1.43581, 1.40621
DIRECT, 1, TOTAL, 11.8891, 123.619, 58.0174, 118.081, 55.0526, 109.152, 109.268, 109.417, 79.334, 156.686, 155.218, 155.243, 40.9852, 41.0786, 40.9746, 41.0048
DIRECT, 1, CONV, 5.04374, 99.3553, 49.5965, 101.917, 50.052, 101.314, 101.367, 101.573, 75.4002, 149.379, 148.847, 148.826, 37.5848, 37.5892, 37.6165, 37.6049
DIRECT, 1, OVERHEAD, 0.211008, 4.4455, 1.17293, 2.33827, 0.599776, 1.1576, 1.18314, 1.18477, 0.31232, 0.611168, 0.600928, 0.596896, 0.168384, 0.1672, 0.166752, 0.173792
DIRECT, 2, TOTAL, 23.6935, 254.307, 116.539, 229.408, 109.34, 217.816, 217.325, 217.218, 116.043, 306.57, 304.984, 305.152, 78.7783, 78.8127, 78.7616, 78.9163
DIRECT, 2, CONV, 10.0598, 206.699, 101.047, 204.48, 100.484, 203.675, 203.203, 202.712, 110.079, 297.003, 295.253, 295.259, 74.1617, 74.1642, 74.1873, 74.1725
DIRECT, 2, OVERHEAD, 0.42928, 8.89152, 2.34435, 4.74605, 1.16893, 2.31795, 2.38701, 2.36627, 0.624864, 1.24256, 1.20717, 1.2071, 0.343712, 0.339744, 0.33904, 0.337632
DIRECT, 4, TOTAL, 44.303, 507.64, 235.295, 458.735, 220.13, 435.873, 436.88, 437.708, 235.225, 542.439, 548.206, 543.581, 127.104, 127.064, 127.629, 127.451
DIRECT, 4, CONV, 17.7152, 413.167, 204.541, 410.284, 202.645, 409.457, 410.641, 410.791, 224.154, 526.516, 532.375, 527.039, 118.885, 120.189, 119.943, 120.086
DIRECT, 4, OVERHEAD, 0.849568, 17.7773, 4.70589, 9.36944, 2.3368, 4.64189, 4.64976, 4.69498, 1.2593, 2.50272, 2.45014, 2.44, 0.696256, 0.697504, 0.70832, 0.703328
DIRECT, 8, TOTAL, 82.3579, 1030.62, 478.137, 940.869, 448.535, 914.977, 915.551, 917.648, 469.742, 979.314, 982.255, 984.304, 236.332, 238.866, 238.95, 238.987
DIRECT, 8, CONV, 32.8471, 845.826, 418.309, 844.9, 416.724, 863.048, 864.703, 866.179, 450.604, 949.921, 952.753, 955.048, 225.813, 228.146, 228.427, 228.443
DIRECT, 8, OVERHEAD, 1.7225, 35.7143, 9.33837, 18.7057, 4.68522, 9.24278, 9.31686, 9.4215, 2.51466, 4.96582, 5.03869, 5.0463, 1.41923, 1.42653, 1.41875, 1.45974
IM2COL, 1, TOTAL, 11.2409, 11.9714, 5.58691, 6.85613, 3.67638, 5.67222, 5.54051, 5.64166, 4.21808, 6.1055, 6.06954, 6.07568, 3.06682, 3.14704, 3.07734, 3.09562
IM2COL, 1, CONV, 0.051168, 0.796032, 0.207136, 0.40288, 0.117824, 0.222144, 0.210208, 0.208896, 0.061056, 0.11408, 0.112704, 0.113536, 0.039104, 0.039616, 0.03872, 0.039872
IM2COL, 1, OVERHEAD, 0.01, 0.01, 0.01, 0.01, 0.01, 0.01, 0.01, 0.01, 0.01, 0.01, 0.01, 0.01, 0.01, 0.01, 0.01, 0.01
IM2COL, 2, TOTAL, 12.4375, 22.986, 9.47075, 12.3037, 5.77798, 8.53683, 8.44819, 8.55635, 4.50499, 7.43338, 7.41354, 7.40605, 4.16714, 4.17296, 4.14518, 4.1729
IM2COL, 2, CONV, 0.086144, 1.57798, 0.404064, 0.800416, 0.210304, 0.409312, 0.409568, 0.40848, 0.111136, 0.227616, 0.215648, 0.215936, 0.063744, 0.063776, 0.061664, 0.064032
IM2COL, 2, OVERHEAD, 0.01, 0.01, 0.01, 0.01, 0.01, 0.01, 0.01, 0.01, 0.01, 0.01, 0.01, 0.01, 0.01, 0.01, 0.01, 0.01
IM2COL, 4, TOTAL, 23.3838, 44.1927, 19.1253, 22.894, 9.54912, 13.4569, 13.3924, 13.8452, 7.40966, 9.54646, 9.48093, 9.53219, 5.15914, 5.27526, 5.24298, 5.18883
IM2COL, 4, CONV, 0.157696, 3.1383, 0.805504, 1.59984, 0.41024, 0.807904, 0.810176, 0.814272, 0.2136, 0.418144, 0.415872, 0.419936, 0.111712, 0.116032, 0.113024, 0.111904
IM2COL, 4, OVERHEAD, 0.01, 0.01, 0.01, 0.01, 0.01, 0.01, 0.01, 0.01, 0.01, 0.01, 0.01, 0.01, 0.01, 0.01, 0.01, 0.01
IM2COL, 8, TOTAL, 45.2297, 84.3134, 33.3021, 41.7565, 19.0309, 24.2879, 25.161, 24.2956, 11.0924, 14.8296, 14.8076, 15.0589, 6.404, 6.32384, 6.39552, 6.47744
IM2COL, 8, CONV, 0.3072, 6.33232, 1.6361, 3.26048, 0.829696, 1.65683, 1.66064, 1.65251, 0.423488, 0.83904, 0.838496, 0.841536, 0.21824, 0.218048, 0.219232, 0.22192
IM2COL, 8, OVERHEAD, 0.01, 0.01, 0.01, 0.01, 0.01, 0.01, 0.01, 0.01, 0.01, 0.01, 0.01, 0.01, 0.01, 0.01, 0.01, 0.01
IM2COL, 1, TOTAL, 6.63059, 11.7939, 5.41325, 6.9425, 3.46083, 4.79693, 4.69814, 4.75658, 3.18282, 4.84541, 4.72906, 4.79827, 3.37693, 3.30915, 3.34291, 3.37763
IM2COL, 1, CONV, 0.043904, 0.812544, 0.208288, 0.414656, 0.107872, 0.211008, 0.21088, 0.209024, 0.054944, 0.111296, 0.110944, 0.10944, 0.031232, 0.031456, 0.029984, 0.031264
IM2COL, 1, OVERHEAD, 0.01, 0.01, 0.01, 0.01, 0.01, 0.01, 0.01, 0.01, 0.01, 0.01, 0.01, 0.01, 0.01, 0.01, 0.01, 0.01
IM2COL, 2, TOTAL, 12.035, 23.0712, 9.62742, 13.3063, 6.36416, 8.4448, 8.38819, 8.48381, 4.75418, 7.32749, 7.29203, 7.29981, 4.21418, 4.16509, 4.11478, 4.15597
IM2COL, 2, CONV, 0.08832, 1.58666, 0.409408, 0.806784, 0.21088, 0.411488, 0.411968, 0.413632, 0.111104, 0.216128, 0.216032, 0.214208, 0.063456, 0.062272, 0.062176, 0.062752
IM2COL, 2, OVERHEAD, 0.01, 0.01, 0.01, 0.01, 0.01, 0.01, 0.01, 0.01, 0.01, 0.01, 0.01, 0.01, 0.01, 0.01, 0.01, 0.01
IM2COL, 4, TOTAL, 23.0753, 45.4764, 19.8193, 24.1361, 10.8009, 13.5756, 13.518, 13.6045, 6.75578, 10.0039, 10.0965, 9.98746, 4.89136, 4.99664, 4.94893, 4.90918
IM2COL, 4, CONV, 0.163136, 3.16675, 0.8088, 1.62048, 0.411456, 0.822624, 0.819776, 0.824064, 0.212704, 0.42368, 0.423872, 0.423968, 0.112128, 0.114848, 0.112864, 0.113536
IM2COL, 4, OVERHEAD, 0.01, 0.01, 0.01, 0.01, 0.01, 0.01, 0.01, 0.01, 0.01, 0.01, 0.01, 0.01, 0.01, 0.01, 0.01, 0.01
IM2COL, 8, TOTAL, 45.361, 87.2632, 33.5794, 44.1116, 18.1663, 24.6353, 24.4334, 24.4982, 11.2572, 14.3908, 14.5857, 14.4794, 6.38438, 6.46995, 6.47645, 6.66282
IM2COL, 8, CONV, 0.311104, 6.38733, 1.64218, 3.27104, 0.831936, 1.65478, 1.65965, 1.64957, 0.42112, 0.837024, 0.844288, 0.865856, 0.216768, 0.226688, 0.217824, 0.218464
IM2COL, 8, OVERHEAD, 0.01, 0.01, 0.01, 0.01, 0.01, 0.01, 0.01, 0.01, 0.01, 0.01, 0.01, 0.01, 0.01, 0.01, 0.01, 0.01
IM2COL, 1, TOTAL, 6.2425, 12.0145, 5.51651, 6.79984, 3.36422, 4.74992, 4.74582, 4.78608, 2.97418, 4.78893, 4.71968, 4.76742, 2.92083, 2.98106, 2.9825, 2.97942
IM2COL, 1, CONV, 0.044896, 0.806496, 0.209984, 0.413792, 0.10608, 0.208256, 0.209312, 0.211296, 0.055392, 0.109056, 0.109216, 0.112864, 0.029344, 0.030112, 0.030336, 0.03072
IM2COL, 1, OVERHEAD, 0.01, 0.01, 0.01, 0.01, 0.01, 0.01, 0.01, 0.01, 0.01, 0.01, 0.01, 0.01, 0.01, 0.01, 0.01, 0.01
IM2COL, 2, TOTAL, 12.0961, 23.5481, 9.5207, 12.0203, 5.96026, 8.5545, 8.55472, 8.33558, 4.43203, 7.26934, 7.27808, 7.16272, 4.36314, 4.15443, 4.27981, 4.19616
IM2COL, 2, CONV, 0.086592, 1.58733, 0.407744, 0.809888, 0.212192, 0.410688, 0.412768, 0.408448, 0.110656, 0.212832, 0.215232, 0.216192, 0.064864, 0.060896, 0.0616, 0.060128
IM2COL, 2, OVERHEAD, 0.01, 0.01, 0.01, 0.01, 0.01, 0.01, 0.01, 0.01, 0.01, 0.01, 0.01, 0.01, 0.01, 0.01, 0.01, 0.01
IM2COL, 4, TOTAL, 23.3354, 44.8553, 18.5174, 23.3013, 10.771, 13.3485, 13.5877, 13.4665, 6.67286, 10.066, 11.3154, 10.1387, 5.68442, 4.92106, 4.91712, 5.0168
IM2COL, 4, CONV, 0.15904, 3.18134, 0.817856, 1.62266, 0.413792, 0.823008, 0.824384, 0.824768, 0.21168, 0.42336, 0.429152, 0.423936, 0.114208, 0.112192, 0.11152, 0.126528
IM2COL, 4, OVERHEAD, 0.01, 0.01, 0.01, 0.01, 0.01, 0.01, 0.01, 0.01, 0.01, 0.01, 0.01, 0.01, 0.01, 0.01, 0.01, 0.01
IM2COL, 8, TOTAL, 46.7736, 84.9669, 34.4889, 44.8414, 19.7675, 26.1338, 24.8835, 24.9005, 11.3083, 15.5987, 15.295, 15.2823, 6.67984, 6.52618, 6.63763, 6.50586
IM2COL, 8, CONV, 0.3112, 6.39174, 1.64787, 3.27629, 0.833856, 1.66032, 1.65757, 1.65866, 0.418368, 0.844672, 0.844576, 0.838176, 0.223456, 0.218336, 0.227648, 0.218912
IM2COL, 8, OVERHEAD, 0.01, 0.01, 0.01, 0.01, 0.01, 0.01, 0.01, 0.01, 0.01, 0.01, 0.01, 0.01, 0.01, 0.01, 0.01, 0.01
FFT, 1, TOTAL, 1044.52, 455.276, 238.485, 430.2, 195.914, 347.362, 363.271, 362.512, 231.558, 413.191, 435.642, 432.051, 113.098, 116.167, 108.076, 99.7245
FFT, 1, CONV, 1011.99, 201.017, 101.401, 200.725, 56.3526, 106.084, 106.173, 107.027, 87.7692, 171.575, 171.114, 170.554, 38.3212, 37.0675, 34.1078, 34.354
FFT, 1, OVERHEAD, 9.99306, 182.006, 85.5572, 157.805, 86.6331, 169.026, 180.29, 180.147, 90.1321, 165.126, 182.376, 180.935, 32.4571, 33.3209, 33.9356, 28.26
FFT, 2, TOTAL, 55.4134, 602.032, 320.197, 588.968, 253.313, 452.547, 475.305, 475.753, 308.645, 554.618, 577.209, 575.969, 154.636, 153.661, 147.457, 138.083
FFT, 2, CONV, 13.7189, 319.628, 158.241, 319.396, 88.1077, 171.563, 172.08, 172.449, 139.108, 274.158, 273.957, 274.802, 60.421, 59.5692, 55.8883, 54.8136
FFT, 2, OVERHEAD, 14.2842, 173.181, 82.7873, 156.506, 88.7068, 169.109, 184.972, 186.508, 90.5213, 165.149, 182.323, 183.092, 33.8088, 34.5551, 33.2157, 28.102
FFT, 4, TOTAL, 90.6566, 949.521, 471.201, 894.832, 361.616, 664.576, 691.979, 690.653, 458.545, 847.646, 849.925, 928.742, 225.68, 226.636, 219.214, 210.419
FFT, 4, CONV, 23.1552, 574.901, 273.117, 554.95, 152.592, 306.555, 309.086, 307.186, 239.852, 482.523, 480.121, 553.046, 102.404, 101.374, 99.1135, 97.7485
FFT, 4, OVERHEAD, 22.3308, 183.201, 81.9817, 159.833, 84.4479, 169.628, 188.165, 188.794, 92.015, 169.3, 182.42, 186.37, 34.5506, 33.9528, 33.9909, 28.5212
FFT, 8, TOTAL, 167.581, 1616.35, 807.526, 1514.4, 580.096, 1174.1, 1236.27, 1218.35, 743.34, 1566.43, 1478.51, 1475.7, 373.477, 364.3, 365.699, 363.051
FFT, 8, CONV, 42.3125, 1056.2, 507.359, 1023.07, 285.454, 657.584, 688.441, 677.305, 431.823, 1067.65, 942.754, 948.952, 188.558, 185.46, 186.61, 185.127
FFT, 8, OVERHEAD, 40.497, 205.262, 91.2229, 170.309, 83.2185, 171.455, 193.966, 190.581, 93.9674, 166.723, 187.566, 186.432, 34.1338, 34.0259, 34.2355, 35.2264
FFT, 1, TOTAL, 34.6166, 441.94, 241.41, 427.527, 199.106, 346.305, 364.809, 369.179, 235.26, 412.665, 434.164, 434.469, 112.907, 111.617, 112.28, 107.192
FFT, 1, CONV, 8.96, 207.608, 103.087, 199.873, 56.8164, 104.509, 104.685, 104.913, 88.7282, 172.036, 172.471, 172.697, 36.3826, 36.4971, 38.0107, 33.0358
FFT, 1, OVERHEAD, 9.40397, 168.845, 86.0874, 157.97, 86.3069, 169.354, 184.105, 184.846, 89.6674, 164.38, 181.332, 180.764, 33.3702, 32.5429, 32.7429, 33.0449
FFT, 2, TOTAL, 53.1467, 612.622, 316.677, 588.214, 254.598, 447.52, 472.852, 470.721, 308.149, 563.149, 581.843, 580.719, 152.723, 151.772, 151.069, 143.861
FFT, 2, CONV, 13.7281, 330.683, 158.259, 319.363, 88.3098, 169.221, 172.009, 172.475, 137.603, 274.862, 279.816, 277.553, 57.9583, 57.4286, 57.2704, 54.2782
FFT, 2, OVERHEAD, 13.9045, 173.644, 83.3556, 158.575, 86.7723, 169.059, 187.154, 184.75, 89.5156, 171.896, 185.799, 183.824, 32.2579, 32.7269, 34.052, 32.4624
FFT, 4, TOTAL, 91.7289, 1006.51, 466.983, 894.48, 363, 660.373, 731.479, 744.896, 455.715, 929.592, 866.633, 877.972, 223.512, 224.648, 224.166, 215.165
FFT, 4, CONV, 23.4242, 637.929, 274.771, 552.399, 150.111, 299.868, 349.77, 367.555, 237.406, 562.066, 483.005, 488.058, 100.059, 101.6, 101.666, 97.0215
FFT, 4, OVERHEAD, 23.0791, 182.524, 80.876, 160.08, 84.5442, 171.481, 188.341, 187.34, 91.9216, 167.666, 186.063, 186.802, 34.6201, 32.4289, 32.5952, 32.8874
FFT, 8, TOTAL, 166.905, 1630.52, 802.547, 1519.41, 576.983, 1168.44, 1236.41, 1197.22, 756.47, 1558.89, 1484.6, 1500.33, 354.203, 349.27, 348.81, 345.454
FFT, 8, CONV, 42.0844, 1063.73, 504.839, 1021.8, 284.778, 647.374, 690.799, 649.983, 442.439, 1050.04, 943.105, 970.601, 187.1, 185.323, 185.886, 185.141
FFT, 8, OVERHEAD, 40.3649, 204.403, 90.7388, 169.813, 83.9381, 173.433, 193.644, 191.906, 93.9581, 167.806, 187.086, 184.286, 35.3727, 34.4436, 34.5238, 33.9242
FFT, 1, TOTAL, 33.5715, 437.691, 242.059, 428.483, 200.471, 348.298, 366.588, 363.868, 234.971, 416.54, 435.018, 434.056, 113.226, 113.841, 107.212, 102.116
FFT, 1, CONV, 8.9751, 204.656, 102.829, 200.307, 57.1677, 105.422, 105.296, 105.321, 88.1747, 172.511, 172.359, 171.231, 37.7738, 36.9167, 36.662, 33.5401
FFT, 1, OVERHEAD, 9.36874, 168.867, 85.7789, 159.188, 86.6645, 169.759, 183.693, 181.675, 90.3314, 165.194, 180.374, 180.923, 34.171, 33.4497, 31.396, 30.8098
FFT, 2, TOTAL, 54.8833, 605.351, 314.992, 587.013, 251.923, 452.703, 476.175, 478.578, 312.6, 554.097, 579.361, 578.783, 149.83, 146.846, 148.269, 140.893
FFT, 2, CONV, 13.9378, 323.325, 157.908, 318.394, 88.0608, 170.572, 170.897, 170.68, 139.352, 274.196, 274.785, 274.811, 58.1397, 57.8451, 57.8636, 54.7541
FFT, 2, OVERHEAD, 14.3484, 173.656, 82.899, 157.224, 88.1017, 169.223, 185.75, 186.818, 90.6627, 165.123, 182.537, 184.044, 34.3008, 33.0767, 34.4456, 33.6406
FFT, 4, TOTAL, 91.7212, 943.73, 465.791, 886.764, 362.268, 663.197, 747, 688.596, 460.134, 846.351, 868.214, 865.243, 221.063, 211.395, 217.857, 217.624
FFT, 4, CONV, 23.3296, 573.517, 273.109, 551.366, 152.675, 301.473, 364.956, 300.696, 238.756, 481.305, 482.854, 483.167, 101.91, 100.321, 100.431, 100.479
FFT, 4, OVERHEAD, 23.1436, 182.828, 80.7697, 160.922, 83.0532, 171.213, 188.594, 187.843, 92.3926, 168.113, 186.475, 186.314, 34.2637, 32.734, 34.7549, 33.3196
FFT, 8, TOTAL, 173.23, 1646.5, 807.942, 1512.62, 575.087, 1165.51, 1211.71, 1232.68, 748.528, 1578.64, 1490.69, 1533.67, 355.833, 349.435, 348.024, 350.765
FFT, 8, CONV, 43.3747, 1070.93, 507.374, 1023.37, 284.575, 652.182, 672.233, 687.748, 434.084, 1082.33, 953.446, 1011.07, 185.73, 185.147, 185.259, 186.079
FFT, 8, OVERHEAD, 41.3679, 205.502, 90.1526, 169.049, 82.5319, 170.442, 192.346, 191.743, 94.4579, 165.398, 188.271, 186.838, 34.8461, 34.7223, 34.9408, 35.1562
CUDNN, 1, TOTAL, 2.64675, 5.50189, 1.9793, 3.53414, 1.7287, 2.99222, 3.16211, 3.08765, 2.28675, 4.2911, 4.34659, 4.28989, 2.72669, 2.808, 2.77008, 2.80685
CUDNN, 1, CONV, 0, 0, 0, 0, 0, 0, 0, 0, 0, 0, 0, 0, 0, 0, 0, 0
CUDNN, 1, OVERHEAD, 0, 0, 0, 0, 0, 0, 0, 0, 0, 0, 0, 0, 0, 0, 0, 0
CUDNN, 2, TOTAL, 1.29232, 10.9643, 3.7223, 6.71418, 2.75248, 5.02995, 5.32368, 4.92346, 3.13661, 5.81213, 5.83789, 5.87008, 3.28618, 3.40138, 3.36557, 3.37069
CUDNN, 2, CONV, 0, 0, 0, 0, 0, 0, 0, 0, 0, 0, 0, 0, 0, 0, 0, 0
CUDNN, 2, OVERHEAD, 0, 0, 0, 0, 0, 0, 0, 0, 0, 0, 0, 0, 0, 0, 0, 0
CUDNN, 4, TOTAL, 2.01117, 21.5738, 7.64058, 12.4423, 4.5864, 8.52112, 8.54128, 8.47046, 4.3752, 8.2377, 8.29782, 8.12835, 4.12461, 4.18989, 4.11376, 4.10336
CUDNN, 4, CONV, 0, 0, 0, 0, 0, 0, 0, 0, 0, 0, 0, 0, 0, 0, 0, 0
CUDNN, 4, OVERHEAD, 0, 0, 0, 0, 0, 0, 0, 0, 0, 0, 0, 0, 0, 0, 0, 0
CUDNN, 8, TOTAL, 3.46618, 42.1797, 12.639, 23.4676, 7.87814, 14.7899, 14.8678, 14.6517, 6.14528, 11.9044, 11.8237, 11.6963, 4.94198, 4.92451, 5.03981, 4.93302
CUDNN, 8, CONV, 0, 0, 0, 0, 0, 0, 0, 0, 0, 0, 0, 0, 0, 0, 0, 0
CUDNN, 8, OVERHEAD, 0, 0, 0, 0, 0, 0, 0, 0, 0, 0, 0, 0, 0, 0, 0, 0
CUDNN, 1, TOTAL, 0.774848, 5.07056, 1.80653, 3.03091, 1.5697, 2.64438, 2.52125, 2.55648, 2.0729, 3.80362, 3.78368, 3.79827, 2.72454, 2.71312, 2.76733, 2.73456
CUDNN, 1, CONV, 0, 0, 0, 0, 0, 0, 0, 0, 0, 0, 0, 0, 0, 0, 0, 0
CUDNN, 1, OVERHEAD, 0, 0, 0, 0, 0, 0, 0, 0, 0, 0, 0, 0, 0, 0, 0, 0
CUDNN, 2, TOTAL, 1.08954, 10.5727, 3.5663, 6.53229, 2.78742, 4.89392, 4.94685, 4.9609, 3.1056, 5.81683, 5.80867, 5.77334, 3.34429, 3.34435, 3.33846, 3.37885
CUDNN, 2, CONV, 0, 0, 0, 0, 0, 0, 0, 0, 0, 0, 0, 0, 0, 0, 0, 0
CUDNN, 2, OVERHEAD, 0, 0, 0, 0, 0, 0, 0, 0, 0, 0, 0, 0, 0, 0, 0, 0
CUDNN, 4, TOTAL, 1.99469, 21.9087, 6.83069, 12.6473, 4.90406, 9.01638, 8.42912, 8.4663, 4.38586, 8.18573, 8.16227, 8.1463, 4.09667, 4.19578, 4.23757, 4.16515
CUDNN, 4, CONV, 0, 0, 0, 0, 0, 0, 0, 0, 0, 0, 0, 0, 0, 0, 0, 0
CUDNN, 4, OVERHEAD, 0, 0, 0, 0, 0, 0, 0, 0, 0, 0, 0, 0, 0, 0, 0, 0
CUDNN, 8, TOTAL, 3.47504, 42.4808, 14.5023, 23.2087, 8.15917, 15.138, 14.5472, 14.5391, 6.46141, 12.4805, 11.7905, 11.9245, 5.00413, 4.91917, 4.80429, 4.97363
CUDNN, 8, CONV, 0, 0, 0, 0, 0, 0, 0, 0, 0, 0, 0, 0, 0, 0, 0, 0
CUDNN, 8, OVERHEAD, 0, 0, 0, 0, 0, 0, 0, 0, 0, 0, 0, 0, 0, 0, 0, 0
CUDNN, 1, TOTAL, 0.63488, 5.13395, 1.77488, 3.06243, 1.46531, 2.61779, 2.61978, 2.62566, 2.23325, 3.96746, 3.91773, 3.88858, 2.59757, 2.70394, 2.6785, 2.68672
CUDNN, 1, CONV, 0, 0, 0, 0, 0, 0, 0, 0, 0, 0, 0, 0, 0, 0, 0, 0
CUDNN, 1, OVERHEAD, 0, 0, 0, 0, 0, 0, 0, 0, 0, 0, 0, 0, 0, 0, 0, 0
CUDNN, 2, TOTAL, 1.25133, 11.2685, 3.74109, 6.53981, 2.69709, 5.0319, 5.01626, 5.00643, 3.15018, 5.72765, 5.76982, 5.73946, 3.24387, 3.32032, 3.38032, 3.36186
CUDNN, 2, CONV, 0, 0, 0, 0, 0, 0, 0, 0, 0, 0, 0, 0, 0, 0, 0, 0
CUDNN, 2, OVERHEAD, 0, 0, 0, 0, 0, 0, 0, 0, 0, 0, 0, 0, 0, 0, 0, 0
CUDNN, 4, TOTAL, 2.01114, 21.9775, 7.27725, 12.6945, 4.65174, 8.51853, 8.53395, 8.94624, 4.36723, 8.25238, 8.01069, 8.0247, 4.39302, 4.08656, 4.21587, 4.14333
CUDNN, 4, CONV, 0, 0, 0, 0, 0, 0, 0, 0, 0, 0, 0, 0, 0, 0, 0, 0
CUDNN, 4, OVERHEAD, 0, 0, 0, 0, 0, 0, 0, 0, 0, 0, 0, 0, 0, 0, 0, 0
CUDNN, 8, TOTAL, 3.43264, 42.5164, 15.2541, 22.7959, 8.01939, 14.9708, 14.2464, 14.2441, 6.65757, 11.932, 11.7498, 11.6786, 4.93958, 4.97024, 4.92131, 4.96195
CUDNN, 8, CONV, 0, 0, 0, 0, 0, 0, 0, 0, 0, 0, 0, 0, 0, 0, 0, 0
CUDNN, 8, OVERHEAD, 0, 0, 0, 0, 0, 0, 0, 0, 0, 0, 0, 0, 0, 0, 0, 0
